VVER IAEA-2D No Reflector (0.5 log. der.) 

0.978077

                   0.3243 0.5432 0.5766 0.5562 0.5766 0.5432 0.3243    
               0.5432 1.0568 1.2132 1.0731 1.0731 1.2132 1.0568 0.5432 
            0.5766 1.2132 1.5173 1.3960 0.7826 1.3960 1.5173 1.2132  0.5766 
         0.5562  1.0731 1.3960 1.4625 1.2834 1.2834 1.4625 1.3960 1.0731 0.5562 
       0.5766 1.0731 0.7826 1.2834 0.7998 1.2067 0.7998 1.2834 0.7826 1.0731 0.5766 
  0.5432 1.2132 1.3960 1.2834 1.2067 1.1666 1.1666 1.2067 1.2834 1.3960 1.2132 0.5432 
0.3243 1.0568 1.5173 1.4625 0.7998 1.1666 0.7382 1.1666	0.7998 1.4625 1.5173 1.0568	0.3243
  0.5432 1.2132 1.3960 1.2834 1.2067 1.1666 1.1666 1.2067 1.2834 1.3960 1.2132 0.5432 
       0.5766 1.0731 0.7826 1.2834 0.7998 1.2067 0.7998 1.2834 0.7826 1.0731 0.5766
          0.5562 1.0731 1.3960 1.4625 1.2834 1.2834 1.4625 1.3960 1.0731 0.5562
              0.5766 1.2132 1.5173 1.3960 0.7826 1.3960 1.5173 1.2132 0.5766
                 0.5432 1.0568 1.2132 1.0731 1.0731 1.2132 1.0568 0.5432
                     0.3243 0.5432 0.5766  0.5562 0.5766 0.5432 0.3243    

!========================================================================!
! The reference solution for VVER IAEA2D (no reflector, alb=0.5) is      !
! generated by DIF3D-FD by extrapolation of 486 & 864 triangle/hex       !
! subdivision; taken from Y.A. Chao and Y. A. Shatilla "Conformal        !
!  Mapping and Hexagonal Nodal Methods - II: Implementation in the       !
!  ANC-H Code "        Nucl. Sci. Eng., 121, 210-225 (1995)              !
!========================================================================!

